-1.197499999999996589e+01
9.222500000000002274e+01
9.325000000000017053e+00
-6.727499999999997726e+01
-4.137499999999997158e+01
-5.197499999999998010e+01
-6.574999999999988631e+00
3.002500000000003411e+01
-5.217499999999998295e+01
5.625000000000028422e+00
-2.367499999999998295e+01
7.225000000000022737e+00
-7.327499999999997726e+01
-1.077499999999997726e+01
2.307250000000000227e+02
-2.207499999999998863e+01
-7.374999999999971578e+00
-5.467499999999998295e+01
1.462500000000002842e+01
-1.637499999999997158e+01
1.293250000000000455e+02
-8.674999999999982947e+00
-3.627499999999997726e+01
-3.457499999999998863e+01
